1764419384714 0.1187648456057007 500
1764421835247 0.2375296912114014 1000
1764422069406 0.2375296912114014 1000
1764422069416 0.2375296912114014 1000
1764424520602 0.35629453681710216 1500
1764426971502 0.4750593824228028 2000
1764427205689 0.4750593824228028 2000
1764427205699 0.4750593824228028 2000
1764429657391 0.5938242280285035 2500
1764432108827 0.7125890736342043 3000
1764432343061 0.7125890736342043 3000
1764432343071 0.7125890736342043 3000
1764434795455 0.831353919239905 3500
1764437247086 0.9501187648456056 4000
1764437481291 0.9501187648456056 4000
1764437481301 0.9501187648456056 4000
1764438508658 1.0 4210
1764438742892 1.0 4210
1764438742903 1.0 4210
1764438742910 1.0 4210
