1764419384714 4.410926365795724e-05 500
1764419384717 4.410926365795724e-05 500
1764421835247 3.817102137767221e-05 1000
1764421835249 3.817102137767221e-05 1000
1764424520605 3.223277909738717e-05 1500
1764424520602 3.223277909738717e-05 1500
1764426971505 2.629453681710214e-05 2000
1764426971502 2.629453681710214e-05 2000
1764429657394 2.0356294536817102e-05 2500
1764429657391 2.0356294536817102e-05 2500
1764432108827 1.4418052256532067e-05 3000
1764432108830 1.4418052256532067e-05 3000
1764434795455 8.479809976247032e-06 3500
1764434795458 8.479809976247032e-06 3500
1764437247086 2.5415676959619954e-06 4000
1764437247089 2.5415676959619954e-06 4000
